34.000000 123.600000 0.000000
48.000000 121.200000 0.000000
71.000000 122.800000 0.000000
72.500000 122.400000 0.000000
90.000000 123.600000 0.000000
119.666664 121.600000 0.000000
170.000000 121.800000 0.000000
192.000000 125.800000 0.000000
215.666672 122.900000 0.000000
217.933334 123.300000 0.000000
217.966660 123.000000 0.000000
236.000000 123.800000 0.000000
260.000000 120.100000 0.000000
268.000000 122.100000 0.000000
271.666656 123.000000 0.000000
273.000000 123.900000 0.000000
312.000000 121.300000 0.000000
320.000000 122.200000 0.000000
321.000000 123.100000 0.000000
358.000000 122.000000 0.000000
407.000000 122.500000 0.000000
430.000000 125.200000 0.000000
454.000000 122.800000 0.000000
462.000000 122.200000 0.000000
502.000000 122.700000 0.000000
510.000000 124.000000 0.000000
520.000000 125.000000 0.000000
528.000000 125.600000 0.000000
550.000000 123.200000 0.000000
550.333313 122.800000 0.000000
554.333313 122.200000 0.000000
570.000000 124.600000 0.000000
580.000000 124.900000 0.000000
598.000000 123.400000 0.000000
608.000000 124.000000 0.000000
614.000000 124.700000 0.000000
619.566650 126.000000 0.000000
645.566650 122.900000 0.000000
645.666687 122.500000 0.000000
647.333313 123.800000 0.000000
658.000000 123.500000 0.000000
662.000000 124.300000 0.000000
672.000000 125.300000 0.000000
694.000000 122.700000 0.000000
694.400024 122.900000 0.000000
697.666687 123.400000 0.000000
705.666687 124.300000 0.000000
720.000000 126.000000 0.000000
743.000000 123.200000 0.000000
744.000000 124.700000 0.000000
757.333313 125.800000 0.000000
761.000000 126.500000 0.000000
767.000000 126.600000 0.000000
781.000000 124.600000 0.000000
803.333313 123.700000 0.000000
819.666687 126.200000 0.000000
839.000000 126.900000 0.000000
841.666687 126.000000 0.000000
852.000000 126.900000 0.000000
855.000000 127.600000 0.000000
884.000000 125.600000 0.000000
890.333313 126.900000 0.000000
905.000000 128.700000 0.000000
942.000000 125.700000 0.000000
945.666687 126.700000 0.000000
952.000000 127.200000 0.000000
978.900024 127.900000 0.000000
979.666687 128.300000 0.000000
985.333313 129.500000 0.000000
1002.000000 127.900000 0.000000
1004.500000 129.400000 0.000000
1029.000000 128.100000 0.000000
1029.666626 127.900000 0.000000
1054.000000 129.000000 0.000000
1059.900024 129.300000 0.000000
1077.666626 128.200000 0.000000
1095.666626 129.000000 0.000000
1105.966675 130.300000 0.000000
1123.166626 129.500000 0.000000
1137.000000 130.200000 0.000000
1139.500000 130.200000 0.000000
1141.500000 130.600000 0.000000
1153.966675 131.300000 0.000000
1174.000000 129.700000 0.000000
1179.500000 132.000000 0.000000
1182.000000 132.200000 0.000000
1190.433350 130.200000 0.000000
1196.333374 130.700000 0.000000
1201.000000 131.300000 0.000000
1227.666626 129.800000 0.000000
1233.500000 131.300000 0.000000
1236.000000 131.700000 0.000000
1238.500000 131.600000 0.000000
1243.000000 131.900000 0.000000
1249.500000 132.300000 0.000000
1271.500000 132.700000 0.000000
1274.500000 132.300000 0.000000
1281.000000 131.700000 0.000000
1292.099976 134.300000 0.000000
1317.000000 132.600000 0.000000
1321.666626 131.500000 0.000000
1329.500000 132.800000 0.000000
1339.000000 133.100000 300.000000
1343.000000 133.100000 150.000000
1367.000000 132.400000 300.000000
1377.000000 132.700000 0.000000
1379.666626 132.600000 200.000000
1389.000000 134.300000 0.000000
1393.666626 133.900000 200.000000
1417.666626 133.100000 600.000000
1424.000000 133.900000 300.000000
1432.500000 133.100000 0.000000
1437.000000 134.300000 175.000000
1442.900024 135.700000 200.000000
1465.000000 133.100000 600.000000
1470.000000 134.900000 0.000000
1481.000000 135.800000 200.000000
1490.166626 135.300000 200.000000
1494.500000 134.300000 100.000000
1512.500000 133.800000 520.000000
1527.000000 135.400000 300.000000
1539.000000 136.400000 0.000000
1558.000000 134.200000 600.000000
1569.500000 134.900000 300.000000
1579.000000 136.500000 0.000000
1587.000000 134.700000 500.000000
1604.000000 133.700000 300.000000
1608.000000 135.800000 0.000000
1615.000000 135.300000 350.000000
1620.000000 135.700000 0.000000
1636.000000 136.400000 200.000000
1654.000000 135.400000 0.000000
1673.000000 134.600000 0.000000
1700.000000 136.500000 0.000000
1701.333374 137.200000 300.000000
1714.500000 136.800000 325.000000
1725.666626 139.600000 0.000000
1750.666626 138.600000 0.000000
1763.699951 139.800000 320.000000
1805.500000 138.600000 0.000000
1810.166626 139.400000 0.000000
1825.000000 141.600000 350.000000
1847.000000 140.600000 0.000000
1853.500000 141.000000 450.000000
1858.500000 140.500000 550.000000
1878.000000 142.500000 0.000000
1902.500000 141.600000 0.000000
1905.000000 141.500000 300.000000
1917.666626 142.700000 0.000000
1922.500000 143.500000 0.000000
1944.666626 141.600000 0.000000
1954.666626 142.000000 350.000000
1965.000000 144.200000 0.000000
1969.000000 143.600000 300.000000
1971.000000 143.500000 300.000000
1987.000000 142.900000 0.000000
1993.000000 143.200000 0.000000
2005.000000 143.100000 0.000000
2011.500000 143.600000 0.000000
2019.000000 144.100000 0.000000
2039.000000 142.600000 0.000000
2051.000000 139.600000 0.000000
2053.000000 140.600000 0.000000
2056.000000 141.500000 0.000000
2065.666748 143.500000 0.000000
2076.333252 141.900000 0.000000
2103.000000 142.400000 0.000000
2106.000000 145.400000 0.000000
2109.000000 145.200000 0.000000
2111.833252 145.400000 0.000000
2141.666748 142.900000 0.000000
2144.333252 142.400000 0.000000
2149.000000 144.000000 0.000000
2159.000000 145.100000 0.000000
2185.000000 144.600000 0.000000
2189.000000 145.600000 0.000000
2195.500000 145.600000 0.000000
2201.000000 146.800000 0.000000
2204.000000 147.900000 0.000000
2207.500000 148.100000 0.000000
2209.966553 146.800000 0.000000
2231.000000 145.200000 0.000000
2234.333252 145.300000 0.000000
2242.333252 145.200000 0.000000
2250.000000 148.600000 0.000000
2254.000000 147.600000 0.000000
2278.000000 145.800000 0.000000
2283.000000 146.400000 0.000000
2292.000000 146.200000 0.000000
2306.166748 148.500000 0.000000
2310.166748 148.200000 0.000000
2328.000000 146.200000 0.000000
2331.000000 147.000000 0.000000
2346.500000 148.200000 0.000000
2354.500000 149.000000 0.000000
2373.000000 146.000000 0.000000
2399.000000 147.199998 0.000000
2429.000000 148.199998 0.000000
2436.000000 149.799998 0.000000
2443.000000 150.899998 0.000000
2448.000000 151.599998 0.000000
2469.000000 149.599998 0.000000
2480.500000 152.599998 0.000000
2485.000000 152.799998 0.000000
2497.666748 152.699998 0.000000
2521.000000 149.899998 0.000000
2523.566650 150.399998 0.000000
2533.000000 152.399998 0.000000
2544.000000 152.899998 0.000000
2549.000000 153.599998 0.000000
2566.666748 149.799998 0.000000
2569.833252 151.199998 0.000000
2581.666748 152.299998 0.000000
2583.666748 151.699998 0.000000
2589.666748 153.599998 0.000000
2593.666748 153.499998 0.000000
2617.000000 149.799998 0.000000
2619.000000 150.499998 0.000000
2623.000000 150.799998 0.000000
2626.000000 150.799998 0.000000
2632.500000 151.599998 0.000000
2638.600098 151.999998 0.000000
2641.966553 152.599998 0.000000
2663.000000 149.799998 0.000000
2664.666748 150.499998 0.000000
2669.000000 150.999998 0.000000
2710.666748 149.099998 0.000000
2718.500000 151.499998 0.000000
2722.000000 151.599998 0.000000
2735.000000 150.999998 0.000000
2758.000000 149.799998 0.000000
2764.666748 150.599998 0.000000
2768.000000 151.199998 0.000000
2773.500000 151.499998 0.000000
2807.000000 151.499998 0.000000
2808.500000 152.799998 0.000000
2814.833252 152.599998 0.000000
2823.500000 153.799998 0.000000
2827.500000 155.599998 0.000000
2834.000000 155.799998 0.000000
2856.000000 151.399998 0.000000
2861.000000 152.099998 0.000000
2868.000000 151.799998 0.000000
2873.000000 153.099998 0.000000
2878.333252 154.599998 0.000000
2903.000000 150.699998 0.000000
2909.000000 151.299998 0.000000
2913.000000 153.399998 0.000000
2918.833252 153.399998 0.000000
2925.000000 153.399998 0.000000
2928.000000 153.399998 0.000000
2951.500000 150.599998 0.000000
2954.166748 152.399998 0.000000
2958.166748 151.399998 0.000000
2960.166748 151.499998 0.000000
2961.000000 155.099998 0.000000
2963.733398 153.299998 0.000000
2971.766602 155.599998 0.000000
2974.500000 153.599998 0.000000
3000.500000 150.399998 0.000000
3011.000000 155.699998 0.000000
3014.899902 155.599998 0.000000
3025.666748 155.799998 0.000000
3049.000000 151.199998 0.000000
3052.000000 151.499998 0.000000
3066.500000 155.099998 0.000000
3073.666748 153.599998 0.000000
3095.000000 150.799998 0.000000
3096.633301 153.499998 0.000000
3105.766602 153.799998 0.000000
3114.666748 154.799998 0.000000
3120.666748 155.099998 0.000000
3149.000000 152.599998 0.000000
3152.166748 152.499998 0.000000
3156.366699 153.999998 0.000000
3158.899902 155.199998 0.000000
3166.000000 156.899998 0.000000
3169.399902 156.799998 0.000000
3189.500000 151.699998 0.000000
3191.500000 153.099998 0.000000
3195.433350 154.099998 0.000000
3206.000000 153.999998 0.000000
3214.000000 155.899998 0.000000
3218.000000 156.899998 0.000000
3240.199951 151.799998 0.000000
3245.833252 153.399998 0.000000
3247.500000 153.499998 0.000000
3253.166748 154.499998 0.000000
3261.833252 155.399998 0.000000
3265.899902 156.899998 0.000000
3289.699951 152.099998 0.000000
3295.500000 154.599998 0.000000
3299.833252 155.699998 0.000000
3305.399902 156.699998 0.000000
3338.166748 151.399998 0.000000
3339.166748 154.499998 0.000000
3342.233398 154.199998 0.000000
3356.000000 158.199998 0.000000
3357.500000 158.799998 0.000000
3361.000000 156.999998 0.000000
3383.500000 154.199998 0.000000
3386.000000 156.199998 0.000000
3400.866699 156.099998 0.000000
3408.000000 157.899998 0.000000
3431.966553 154.499998 0.000000
3438.166748 156.499998 0.000000
3448.433350 156.499998 0.000000
3450.000000 156.999998 0.000000
3455.733398 157.299998 0.000000
3482.666748 155.099998 0.000000
3498.333252 159.299998 0.000000
3501.899902 159.199998 0.000000
3505.733398 159.099998 0.000000
3533.500000 156.399998 0.000000
3534.833252 156.499998 0.000000
3539.666748 156.899998 0.000000
3545.000000 156.399998 0.000000
3546.266602 157.799998 0.000000
3553.899902 156.799998 0.000000
3575.866699 155.399998 0.000000
3579.000000 157.199998 0.000000
3592.666748 155.899998 0.000000
3595.399902 157.399998 0.000000
3600.000000 158.499998 0.000000
3625.666748 155.899998 0.000000
3628.899902 157.199998 0.000000
3643.766602 158.399998 0.000000
3646.000000 158.899998 0.000000
3679.500000 154.799998 0.000000
3681.199951 156.799998 0.000000
3685.000000 158.399998 0.000000
3723.000000 154.699998 0.000000
3727.000000 156.299998 0.000000
3773.500000 154.999998 0.000000
3776.066650 155.299998 0.000000
3782.600098 155.899998 0.000000
3791.000000 156.899998 0.000000
3817.000000 154.699998 0.000000
3819.500000 154.799998 0.000000
3821.866699 155.199998 0.000000
3836.000000 156.199998 0.000000
3866.000000 153.199998 0.000000
3877.000000 155.199998 0.000000
3913.366699 155.799998 0.000000
3915.000000 156.999998 0.000000
3928.000000 156.799998 0.000000
3931.733398 157.399998 0.000000
3940.000000 158.199998 0.000000
3960.666748 154.199998 0.000000
3973.166748 155.899998 0.000000
3976.000000 154.799998 0.000000
4008.866699 154.699998 0.000000
4020.699951 154.599998 0.000000
4057.666748 155.999998 0.000000
4061.899902 158.199998 0.000000
4075.166748 156.799998 0.000000
4107.899902 155.699998 0.000000
4125.933105 156.299998 0.000000
4129.000000 156.799998 0.000000
4144.000000 157.499998 0.000000
4175.666504 158.999998 0.000000
4202.833496 156.099998 0.000000
4216.833496 156.099998 0.000000
4244.366699 154.099998 0.000000
4259.500000 154.899998 0.000000
4269.500000 155.399998 0.000000
4296.833496 154.099998 0.000000
4315.500000 154.899998 0.000000
4319.000000 154.299998 0.000000
4343.500000 153.599998 0.000000
4348.233398 153.699998 0.000000
4364.133301 154.099998 0.000000
4367.666504 154.499998 0.000000
4394.666504 153.199998 0.000000
4409.500000 155.399998 0.000000
4416.500000 155.999998 0.000000
4417.966797 156.399998 0.000000
4441.666504 155.599998 0.000000
4444.833496 156.299998 0.000000
4461.000000 158.099998 0.000000
4467.000000 158.299998 0.000000
4493.000000 156.299998 0.000000
4506.000000 157.199998 0.000000
4537.000000 155.199998 0.000000
4538.966797 156.999998 0.000000
4547.366699 157.999998 0.000000
4551.500000 156.699998 0.000000
4585.666504 155.799998 0.000000
4593.500000 156.199998 0.000000
4603.000000 156.499998 0.000000
4634.500000 155.699998 0.000000
4651.433105 157.999998 0.000000
4653.000000 158.299998 0.000000
4656.000000 156.199998 0.000000
4684.000000 156.699998 0.000000
4689.233398 156.199998 0.000000
4707.799805 157.099998 0.000000
4728.133301 155.199998 0.000000
4735.333496 157.799998 0.000000
4753.566895 157.299998 0.000000
4780.100098 156.699998 0.000000
4787.000000 156.199998 0.000000
4801.333496 155.899998 0.000000
4825.733398 156.399998 0.000000
4845.733398 156.699998 0.000000
4874.000000 155.199998 0.000000
4896.000000 157.199998 0.000000
4899.000000 158.099998 0.000000
4918.566895 157.099998 0.000000
4930.500000 156.899998 0.000000
4936.000000 155.999998 0.000000
4969.666504 154.899998 0.000000
4986.000000 156.499998 0.000000
5018.766602 154.499998 0.000000
5034.333496 156.099998 0.000000
5040.366699 158.399998 0.000000
5068.000000 155.199998 0.000000
5083.000000 157.799998 0.000000
5085.333496 157.199998 0.000000
5112.066895 155.899998 0.000000
5132.000000 158.899998 0.000000
5136.000000 159.099998 4.000000
5139.000000 159.299998 0.000000
5162.733398 156.199998 0.000000
5170.066895 158.099998 0.000000
5187.000000 158.099998 0.000000
5212.000000 157.199998 0.000000
5233.000000 158.699998 0.000000
5257.666504 156.799998 0.000000
5260.899902 157.799998 0.000000
5264.666504 158.299998 0.000000
5309.000000 156.899998 0.000000
5317.000000 157.999998 0.000000
5321.000000 158.399998 0.000000
5325.000000 159.499998 0.000000
5353.000000 154.899998 0.000000
5362.666504 156.899998 0.000000
5371.233398 156.499998 0.000000
5376.000000 159.099998 0.000000
5401.000000 156.799998 0.000000
5402.533203 156.999998 0.000000
5408.000000 156.299998 0.000000
5414.733398 157.499998 0.000000
5429.299805 157.099998 0.000000
5449.966797 152.799998 0.000000
5450.666504 154.499998 0.000000
5471.000000 156.899998 0.000000
5479.000000 157.399998 0.000000
5495.299805 154.499998 0.000000
5501.000000 156.499998 0.000000
5504.866699 156.199998 0.000000
5547.000000 156.199998 0.000000
5569.166504 158.899998 0.000000
5593.000000 156.899998 0.000000
5594.733398 158.099998 0.000000
5603.666504 157.199998 0.000000
5613.233398 157.999998 0.000000
5617.233398 157.999998 0.000000
5639.000000 156.999998 0.000000
5644.200195 157.099998 0.000000
5655.266602 156.199998 0.000000
5658.633301 157.999998 0.000000
5662.566895 158.499998 0.000000
5688.000000 154.899998 0.000000
5700.299805 156.999998 0.000000
5702.133301 157.499998 0.000000
5711.333496 158.099998 0.000000
5732.666504 154.699998 0.000000
5744.100098 156.999998 0.000000
5756.433105 158.299998 0.000000
5783.000000 155.299998 0.000000
5784.399902 157.199998 0.000000
5792.500000 158.199998 0.000000
5799.600098 158.399998 0.000000
5803.000000 158.599998 0.000000
5830.866699 155.599998 0.000000
5845.000000 157.999998 0.000000
5853.666504 158.899998 0.000000
5880.933105 157.399998 0.000000
5890.100098 157.899998 0.000000
5893.166504 157.999998 0.000000
5901.933105 158.699998 0.000000
5928.000000 156.499998 0.000000
5937.600098 156.999998 0.000000
5973.500000 157.999998 0.000000
5980.666504 156.399998 0.000000
5989.600098 158.099998 0.000000
5995.000000 158.299998 0.000000
6025.166504 154.899998 0.000000
6032.299805 157.499998 0.000000
6081.833496 156.299998 0.000000
6087.833496 156.699998 0.000000
6091.066895 155.199998 0.000000
6117.233398 154.299998 0.000000
6143.266602 157.599998 0.000000
6172.333496 154.299998 0.000000
6192.000000 158.699998 0.000000
6215.000000 154.499998 0.000000
6223.000000 156.999998 0.000000
6266.000000 154.899998 0.000000
6279.666504 157.899998 0.000000
6288.500000 157.599998 0.000000
6311.500000 154.599998 0.000000
6330.933105 157.399998 0.000000
6360.333496 154.099998 0.000000
6384.666504 157.399998 0.000000
6404.633301 154.199998 0.000000
6412.299805 155.199998 0.000000
6415.333496 154.999998 0.000000
6428.933105 156.199998 0.000000
6437.366699 156.199998 0.000000
6455.866699 153.499998 0.000000
6466.700195 157.199998 0.000000
6476.899902 157.899998 0.000000
6500.100098 154.299998 0.000000
6504.533203 156.199998 0.000000
6508.366699 156.899998 0.000000
6525.899902 158.199998 0.000000
6551.000000 154.599998 0.000000
6561.733398 157.599998 0.000000
6605.000000 154.999998 0.000000
6650.733398 155.199998 0.000000
6662.066895 157.799998 0.000000
6695.266602 155.199998 0.000000
6717.600098 157.999998 0.000000
6745.466797 155.599998 0.000000
6759.399902 159.099998 0.000000
6762.866699 160.299998 0.000000
6766.666504 160.699998 0.000000
6771.233398 160.699998 0.000000
6794.766602 156.499998 0.000000
6803.833496 159.199998 0.000000
6813.233398 158.899998 0.000000
6837.166504 155.899998 0.000000
6849.166504 158.599998 0.000000
6855.433105 157.399998 0.000000
6859.399902 158.499998 0.000000
6884.833496 156.699998 0.000000
6886.833496 159.199998 0.000000
6892.100098 159.499998 0.000000
6904.666504 160.199998 0.000000
6933.233398 157.899998 0.000000
6935.933105 157.799998 0.000000
6949.833496 158.199998 0.000000
6963.033203 157.399998 0.000000
6987.000000 154.299998 0.000000
6988.866699 156.799998 0.000000
7005.933105 158.399998 0.000000
7007.399902 158.399998 0.000000
7031.000000 154.899998 0.000000
7052.000000 158.399998 0.000000
7054.366699 158.199998 0.000000
7083.533203 154.899998 0.000000
7088.399902 157.199998 0.000000
7098.366699 158.599998 0.000000
7124.000000 155.399998 0.000000
7134.066895 156.499998 0.000000
7153.966797 157.199998 0.000000
7175.366699 155.199998 0.000000
7177.233398 155.799998 0.000000
7182.366699 157.399998 0.000000
7219.899902 155.899998 0.000000
7222.633301 157.899998 0.000000
7242.433105 158.499998 0.000000
7251.000000 157.799998 0.000000
7275.000000 154.799998 0.000000
7283.433105 157.899998 0.000000
7295.000000 159.199998 0.000000
7319.000000 154.899998 0.000000
7321.399902 156.799998 0.000000
7326.833496 157.399998 0.000000
7334.700195 158.699998 0.000000
7341.399902 158.499998 0.000000
7367.866699 155.199998 0.000000
7378.866699 158.099998 0.000000
7392.100098 158.999998 0.000000
7416.066895 155.599998 0.000000
7416.600098 156.799998 0.000000
7422.766602 155.899998 0.000000
7426.500000 157.199998 0.000000
7436.500000 159.199998 0.000000
7464.000000 157.999998 0.000000
7465.366699 158.199998 0.000000
7477.933105 157.499998 0.000000
7487.933105 159.699998 0.000000
7513.666504 155.799998 0.000000
7514.500000 157.099998 0.000000
7524.033203 158.599998 0.000000
7532.866699 158.999998 0.000000
7535.933105 159.599998 0.000000
7561.666504 157.099998 0.000000
7562.500000 156.999998 0.000000
7569.000000 158.199998 0.000000
7573.133301 158.899998 0.000000
7583.333496 158.699998 0.000000
7607.666504 156.299998 0.000000
7608.799805 157.899998 0.000000
7627.233398 160.299998 0.000000
7661.866699 156.899998 0.000000
7667.233398 159.999998 0.000000
7671.766602 161.199998 0.000000
7703.600098 157.499998 0.000000
7706.933105 158.699998 0.000000
7717.833496 159.599998 0.000000
7726.399902 159.999998 0.000000
7757.433105 156.099998 0.000000
7774.833496 159.299998 0.000000
7799.299805 156.699998 0.000000
7806.000000 157.799998 0.000000
7818.033203 159.399998 0.000000
7854.366699 158.699998 0.000000
7858.100098 159.499998 0.000000
7869.399902 161.199998 0.000000
7875.500000 161.199998 0.000000
7895.933105 157.799998 0.000000
7897.333496 160.099998 0.000000
7898.600098 159.999998 0.000000
7912.866699 160.199998 0.000000
7916.133301 161.399998 0.000000
7943.399902 159.099998 0.000000
7945.266602 160.099998 0.000000
7950.033203 160.499998 0.000000
7955.833496 160.499998 0.000000
7961.366699 159.499998 0.000000
7967.166504 161.499998 0.000000
7996.133301 157.399998 0.000000
7996.833496 157.599998 0.000000
8012.966797 160.399998 0.000000
8040.200195 157.599998 0.000000
8041.666504 158.999998 0.000000
8064.133301 160.099998 0.000000
8085.200195 158.999998 0.000000
8104.899902 159.099998 0.000000
8106.866699 159.299998 0.000000
8109.333496 159.799998 0.000000
8136.966797 157.799998 0.000000
8148.399902 159.199998 0.000000
8184.000000 157.199998 0.000000
8187.933105 158.999998 0.000000
8207.000000 159.799998 0.000000
8231.000000 157.399998 0.000000
8232.700195 158.099998 0.000000
8242.133789 159.199998 0.000000
8257.000000 159.499998 0.000000
8279.833008 158.099998 0.000000
8280.233398 159.199998 0.000000
8292.666992 158.599998 0.000000
8333.900391 156.399998 0.000000
8342.366211 159.399998 0.000000
8353.066406 160.699998 0.000000
8377.333008 156.899998 0.000000
8386.500000 158.199998 0.000000
8398.066406 160.399998 0.000000
8424.000000 156.899998 0.000000
8427.299805 158.199998 0.000000
8448.500000 159.199998 0.000000
8470.866211 155.199998 0.000000
8474.433594 157.599998 0.000000
8484.933594 157.799998 0.000000
8500.233398 158.599998 0.000000
8521.900391 154.799998 0.000000
8538.900391 157.299998 0.000000
8547.833008 159.099998 0.000000
8572.000000 155.899998 0.000000
8583.666992 156.899998 0.000000
8593.700195 159.999998 0.000000
8611.333008 158.099998 0.000000
8613.500000 158.099998 0.000000
8617.533203 158.199998 0.000000
8641.500000 160.099998 0.000000
8667.000000 155.999998 0.000000
8684.400391 160.399998 0.000000
8714.599609 156.399998 0.000000
8716.000000 156.899998 0.000000
8736.866211 159.399998 0.000000
8767.066406 156.299998 0.000000
8782.333008 156.499998 0.000000
8786.200195 158.199998 0.000000
8800.500000 157.199998 0.000000
8817.200195 155.699998 0.000000
8826.333008 159.099998 0.000000
8857.700195 156.799998 0.000000
8861.333008 156.699998 0.000000
8879.000000 158.199998 0.000000
8903.500000 153.599998 0.000000
8911.599609 155.599998 0.000000
8924.000000 158.099998 0.000000
8927.666992 158.499998 0.000000
8953.166992 153.799998 0.000000
8955.500000 155.899998 0.000000
8971.133789 155.399998 0.000000
8979.000000 154.599998 0.000000
9019.400391 157.799998 0.000000
9052.000000 153.999998 0.000000
9060.233398 157.399998 0.000000
9065.299805 157.599998 0.000000
9099.266602 154.099998 0.000000
9103.000000 156.099998 0.000000
9112.166992 155.999998 0.000000
9120.799805 158.499998 0.000000
9142.000000 158.399998 0.000000
9154.500000 157.499998 0.000000
9158.099609 158.999998 0.000000
9162.533203 159.199998 0.000000
9168.400391 159.999998 0.000000
9192.933594 155.899998 0.000000
9197.433594 157.399998 0.000000
9207.466797 159.099998 0.000000
9217.166992 159.099998 0.000000
9239.666992 155.499998 0.000000
9256.333008 157.399998 0.000000
9265.500000 158.399998 0.000000
9284.833008 154.199998 0.000000
9292.166992 156.499998 0.000000
9310.099609 157.399998 0.000000
9341.966797 155.799998 0.000000
9344.599609 157.199998 0.000000
9346.633789 157.099998 0.000000
9359.000000 157.999998 0.000000
9385.000000 157.299998 0.000000
9386.833008 157.499998 0.000000
9406.500000 158.299998 0.000000
9431.900391 154.999998 0.000000
9446.500000 157.899998 0.000000
9452.700195 158.499998 0.000000
9456.099609 158.899998 0.000000
9483.099609 154.499998 0.000000
9484.966797 156.799998 0.000000
9503.566406 157.099998 0.000000
9530.666992 154.699998 0.000000
9532.333008 155.999998 0.000000
9550.133789 158.799998 0.000000
9571.000000 156.099998 0.000000
9575.833008 156.999998 0.000000
9582.900391 158.999998 0.000000
9590.366211 158.899998 0.000000
9629.166992 154.299998 0.000000
9630.666992 156.299998 0.000000
9635.799805 156.499998 0.000000
9648.400391 157.499998 0.000000
9671.866211 154.799998 0.000000
9674.333008 156.199998 0.000000
9681.766602 157.799998 0.000000
9694.766602 158.099998 0.000000
9718.933594 156.299998 0.000000
9744.166992 159.699998 0.000000
9765.000000 155.399998 0.000000
9775.166992 159.099998 0.000000
9782.333008 159.699998 0.000000
9793.533203 158.099998 0.000000
9815.633789 155.899998 0.000000
9841.000000 159.299998 0.000000
9862.733398 156.499998 0.000000
9891.000000 158.899998 0.000000
9912.333008 156.399998 0.000000
9915.966797 157.799998 0.000000
9923.866211 157.799998 0.000000
9940.500000 158.399998 0.000000
9959.966797 154.299998 0.000000
9965.833008 157.499998 0.000000
9972.566406 156.699998 0.000000
10011.000000 155.199998 0.000000
10023.066406 157.999998 0.000000
10031.033203 158.999998 0.000000
10054.866211 155.699998 0.000000
10079.000000 159.099998 0.000000
10104.766602 155.599998 0.000000
10122.066406 157.899998 0.000000
10128.066406 158.999998 0.000000
10151.066406 155.899998 0.000000
10154.599609 158.299998 0.000000
10175.000000 158.099998 0.000000
10201.299805 154.299998 0.000000
10206.033203 156.999998 0.000000
10209.066406 159.199998 0.000000
10218.466797 157.199998 0.000000
10249.066406 154.999998 0.000000
10249.833008 157.599998 0.000000
10272.666992 160.699998 0.000000
10297.500000 154.999998 0.000000
10317.766602 157.999998 0.000000
10341.133789 159.099998 0.000000
10345.233398 158.299998 0.000000
10355.333008 158.399998 0.000000
10362.066406 159.699998 0.000000
10391.766602 157.199998 0.000000
10392.933594 157.299998 0.000000
10436.000000 158.699998 0.000000
10454.000000 158.699998 0.000000
